[sunl]
Sun 1.000000 20.000000 0.900000
[aglw]
AtmosGlowA 750.000000 4200.000000 147 151 161 30
AtmosGlowB 2000.000000 3500.000000 255 200 200 25
AtmosGlowC 1500.000000 3500.000000 255 255 255 255
AtmosGlowD 1500.000000 3500.000000 255 255 255 255
[lglw]
LightGlowA 582.049805 241 233 190 112 241 218 127 70 1.031000 0.397000
LightGlowB 700.000000 243 255 255 60 80 135 255 211 1.668000 5.000000
LightGlowC 700.000000 243 255 255 60 80 135 255 211 1.668000 5.000000
LightGlowD 700.000000 243 255 255 60 80 135 255 211 1.668000 5.000000
[pinl]
PinLightA 135.000000 255 255 255 255
PinLightB 135.000000 255 0 0 255
PinLightC 135.000000 0 255 0 255
PinLightD 135.000000 0 0 255 255
